                        STATUSES_COUNT FRIENDS_COUNT LISTED_COUNT
STATUSES_COUNT              1.00000000   0.041856537  0.241547310
FRIENDS_COUNT               0.04185654   1.000000000  0.151610550
LISTED_COUNT                0.24154731   0.151610550  1.000000000
USER_FAVORITES              0.32703692   0.153076461  0.043366411
DESCRIPTION_LEN             0.11189069   0.007598881  0.189984794
HAS_URL                     0.17600803   0.095371182  0.262669368
HAS_LOCATION                0.15802239  -0.055798503  0.100367151
REPLIES                     0.05065050  -0.145967631 -0.024302175
MENTIONS                    0.09909614  -0.082071786  0.117806080
RETWEETS_OF_USER_TWEETS    -0.04132054   0.730155701  0.050857967
RETWEETS_BY_USER            0.20065696   0.046035718 -0.017810516
FAVORITE_COUNT_FOR_USER    -0.03331808   0.517919237  0.056033409
HASHTAGS                    0.04551649   0.015968674  0.344447673
BROADCAST_COMMS             0.13176981   0.024955775  0.057231826
QUOTES                      0.06734492  -0.054968083  0.008117532
URLS                        0.19121477   0.027038570  0.295206047
TWEETS_EXAMINED             0.38612281  -0.017665406  0.093160262
USER_AGE                    0.27864530   0.053880345  0.227965211
FOLLOWERS_COUNT             0.13164904   0.920633792  0.238170029
                        USER_FAVORITES DESCRIPTION_LEN     HAS_URL HAS_LOCATION
STATUSES_COUNT             0.327036916     0.111890689  0.17600803  0.158022391
FRIENDS_COUNT              0.153076461     0.007598881  0.09537118 -0.055798503
LISTED_COUNT               0.043366411     0.189984794  0.26266937  0.100367151
USER_FAVORITES             1.000000000    -0.069343276  0.02146698 -0.069530523
DESCRIPTION_LEN           -0.069343276     1.000000000  0.19341194  0.208107221
HAS_URL                    0.021466984     0.193411938  1.00000000  0.259667457
HAS_LOCATION              -0.069530523     0.208107221  0.25966746  1.000000000
REPLIES                    0.039752459     0.053374100  0.04970691  0.092661333
MENTIONS                   0.081781208     0.140939766  0.05102448  0.089927274
RETWEETS_OF_USER_TWEETS   -0.009020006     0.014787891  0.12378737  0.009332448
RETWEETS_BY_USER           0.159760608    -0.046610378 -0.12335712 -0.014765491
FAVORITE_COUNT_FOR_USER    0.008076578    -0.047116098  0.12012602 -0.060380927
HASHTAGS                  -0.067251656     0.267660818  0.16843583  0.012598856
BROADCAST_COMMS           -0.108261524     0.085306576  0.18288574  0.065161968
QUOTES                     0.021361163     0.021811042 -0.01266139  0.022733116
URLS                      -0.091886965     0.143958824  0.21300539  0.026432090
TWEETS_EXAMINED            0.098570343     0.108095174  0.09252829  0.124263159
USER_AGE                   0.020163058     0.136143915  0.22165635  0.142172269
FOLLOWERS_COUNT            0.125652805     0.048479975  0.15803314  0.002692013
                            REPLIES    MENTIONS RETWEETS_OF_USER_TWEETS
STATUSES_COUNT           0.05065050  0.09909614            -0.041320544
FRIENDS_COUNT           -0.14596763 -0.08207179             0.730155701
LISTED_COUNT            -0.02430217  0.11780608             0.050857967
USER_FAVORITES           0.03975246  0.08178121            -0.009020006
DESCRIPTION_LEN          0.05337410  0.14093977             0.014787891
HAS_URL                  0.04970691  0.05102448             0.123787366
HAS_LOCATION             0.09266133  0.08992727             0.009332448
REPLIES                  1.00000000  0.79936043            -0.029472827
MENTIONS                 0.79936043  1.00000000            -0.030443527
RETWEETS_OF_USER_TWEETS -0.02947283 -0.03044353             1.000000000
RETWEETS_BY_USER        -0.33610934 -0.24854436            -0.092593046
FAVORITE_COUNT_FOR_USER -0.02453683 -0.02456421             0.706246257
HASHTAGS                -0.06813718  0.14278834            -0.000170223
BROADCAST_COMMS         -0.00474955 -0.08669298             0.097678362
QUOTES                   0.08452043  0.21419842            -0.002406203
URLS                    -0.13902295  0.02819200            -0.016519186
TWEETS_EXAMINED          0.26659815  0.24406401            -0.037549529
USER_AGE                -0.05420356  0.01883394             0.050112072
FOLLOWERS_COUNT         -0.12064281 -0.04094292             0.713513005
                        RETWEETS_BY_USER FAVORITE_COUNT_FOR_USER     HASHTAGS
STATUSES_COUNT               0.200656957            -0.033318076  0.045516490
FRIENDS_COUNT                0.046035718             0.517919237  0.015968674
LISTED_COUNT                -0.017810516             0.056033409  0.344447673
USER_FAVORITES               0.159760608             0.008076578 -0.067251656
DESCRIPTION_LEN             -0.046610378            -0.047116098  0.267660818
HAS_URL                     -0.123357117             0.120126023  0.168435834
HAS_LOCATION                -0.014765491            -0.060380927  0.012598856
REPLIES                     -0.336109341            -0.024536833 -0.068137177
MENTIONS                    -0.248544364            -0.024564206  0.142788339
RETWEETS_OF_USER_TWEETS     -0.092593046             0.706246257 -0.000170223
RETWEETS_BY_USER             1.000000000            -0.091690819 -0.213042044
FAVORITE_COUNT_FOR_USER     -0.091690819             1.000000000 -0.018441649
HASHTAGS                    -0.213042044            -0.018441649  1.000000000
BROADCAST_COMMS             -0.500231822             0.160360872  0.312144107
QUOTES                       0.008839467            -0.021077322  0.067580236
URLS                        -0.276977584            -0.029232314  0.386738290
TWEETS_EXAMINED              0.417330607             0.026645621  0.083451518
USER_AGE                     0.041419364             0.024988928  0.157026889
FOLLOWERS_COUNT              0.031296631             0.507450214  0.033682628
                        BROADCAST_COMMS       QUOTES        URLS
STATUSES_COUNT               0.13176981  0.067344922  0.19121477
FRIENDS_COUNT                0.02495578 -0.054968083  0.02703857
LISTED_COUNT                 0.05723183  0.008117532  0.29520605
USER_FAVORITES              -0.10826152  0.021361163 -0.09188696
DESCRIPTION_LEN              0.08530658  0.021811042  0.14395882
HAS_URL                      0.18288574 -0.012661387  0.21300539
HAS_LOCATION                 0.06516197  0.022733116  0.02643209
REPLIES                     -0.00474955  0.084520435 -0.13902295
MENTIONS                    -0.08669298  0.214198424  0.02819200
RETWEETS_OF_USER_TWEETS      0.09767836 -0.002406203 -0.01651919
RETWEETS_BY_USER            -0.50023182  0.008839467 -0.27697758
FAVORITE_COUNT_FOR_USER      0.16036087 -0.021077322 -0.02923231
HASHTAGS                     0.31214411  0.067580236  0.38673829
BROADCAST_COMMS              1.00000000  0.071472514  0.51478715
QUOTES                       0.07147251  1.000000000  0.21116919
URLS                         0.51478715  0.211169190  1.00000000
TWEETS_EXAMINED              0.36123113  0.154671764  0.14348596
USER_AGE                     0.12321705 -0.003919172  0.18830193
FOLLOWERS_COUNT              0.03690085 -0.019612312  0.08845067
                        TWEETS_EXAMINED     USER_AGE FOLLOWERS_COUNT
STATUSES_COUNT               0.38612281  0.278645299     0.131649037
FRIENDS_COUNT               -0.01766541  0.053880345     0.920633792
LISTED_COUNT                 0.09316026  0.227965211     0.238170029
USER_FAVORITES               0.09857034  0.020163058     0.125652805
DESCRIPTION_LEN              0.10809517  0.136143915     0.048479975
HAS_URL                      0.09252829  0.221656351     0.158033141
HAS_LOCATION                 0.12426316  0.142172269     0.002692013
REPLIES                      0.26659815 -0.054203561    -0.120642809
MENTIONS                     0.24406401  0.018833936    -0.040942922
RETWEETS_OF_USER_TWEETS     -0.03754953  0.050112072     0.713513005
RETWEETS_BY_USER             0.41733061  0.041419364     0.031296631
FAVORITE_COUNT_FOR_USER      0.02664562  0.024988928     0.507450214
HASHTAGS                     0.08345152  0.157026889     0.033682628
BROADCAST_COMMS              0.36123113  0.123217051     0.036900855
QUOTES                       0.15467176 -0.003919172    -0.019612312
URLS                         0.14348596  0.188301933     0.088450671
TWEETS_EXAMINED              1.00000000  0.163346443     0.013019680
USER_AGE                     0.16334644  1.000000000     0.098869281
FOLLOWERS_COUNT              0.01301968  0.098869281     1.000000000
